666.84 1183.11 742.13 1188.49 688.36 1312.18 666.84 1441.24 672.22 1564.93 666.84 1672.49 666.84 1785.42 666.84 1887.6 656.09 1962.89 656.09 2038.18 618.44 2081.2
720.62 1484.27 903.47 1785.42 822.8 1414.36 591.56 1484.27 570.04 1672.49 978.76 817.42 204.36 1747.78 123.69 801.29 317.29 1500.4 559.29 1070.18
688.36 1801.56
688.36 1694.00
693.73 1586.44
699.11 1500.40
715.24 1392.84
736.76 1296.04
763.64 1231.51
795.91 1193.87
806.67 1156.22
785.16 1145.47
763.64 1145.47
742.13 1134.71
726.00 1123.96
709.87 1118.58
688.36 1118.58
666.84 1134.71
645.33 1134.71
623.82 1140.09
613.07 1140.09
618.44 1166.98
629.20 1199.24
645.33 1231.51
650.71 1274.53
650.71 1349.82
650.71 1435.87
645.33 1521.91
645.33 1602.58
639.96 1672.49
645.33 1720.89
639.96 1833.82
639.96 1887.60
629.20 1962.89
613.07 2059.69
591.56 2091.96
591.56 2124.22
602.31 2134.98
629.20 2113.47
634.58 2097.33
661.47 2102.71
677.60 2102.71
688.36 2086.58
693.73 2059.69
693.73 2022.04
693.73 1995.16
693.73 1941.38
693.73 1898.36
