365.69 1199.24 414.09 1306.8 435.6 1457.38 446.36 1581.07 446.36 1694 473.24 1806.93 473.24 1909.11 478.62 2005.91 494.76 2070.44 430.22 1210
397.96 1586.44 537.78 1548.8 198.98 1849.96 801.29 1607.96 968 1919.87 892.71 822.8 532.4 1102.44 193.6 951.87 172.09 1403.6 311.91 1521.91
494.76 1925.24
484.00 1731.64
473.24 1575.69
462.49 1452.00
457.11 1339.07
457.11 1274.53
462.49 1220.76
473.24 1210.00
484.00 1199.24
484.00 1166.98
473.24 1145.47
435.60 1145.47
408.71 1129.33
387.20 1123.96
365.69 1134.71
344.18 1145.47
322.67 1150.84
311.91 1156.22
301.16 1177.73
301.16 1193.87
322.67 1220.76
344.18 1236.89
365.69 1285.29
387.20 1360.58
403.33 1435.87
414.09 1532.67
424.84 1618.71
435.60 1758.53
440.98 1876.84
440.98 1989.78
440.98 2097.33
505.51 2097.33
516.27 2113.47
532.40 2129.60
543.16 2118.84
548.53 2091.96
543.16 2070.44
532.40 2038.18
527.02 2016.67
516.27 1995.16
505.51 1973.64
