322.67 1253.02 338.8 1328.31 354.93 1457.38 371.07 1613.33 392.58 1726.27 403.33 1860.71 414.09 1957.51 419.47 2027.42 414.09 2091.96
397.96 1521.91 311.91 1564.93 570.04 1602.58 333.42 1979.02 268.89 1339.07 527.02 1306.8 957.24 1860.71 881.96 822.8 564.67 769.02 225.87 876.58 172.09 1564.93
408.71 1780.04
392.58 1650.98
376.44 1554.18
365.69 1473.51
349.56 1355.20
344.18 1296.04
349.56 1258.40
317.29 1215.38
290.40 1247.64
311.91 1274.53
328.04 1322.93
333.42 1403.60
349.56 1505.78
360.31 1597.20
381.82 1715.51
392.58 1833.82
403.33 1930.62
408.71 2027.42
408.71 2102.71
403.33 2124.22
408.71 2145.73
424.84 2134.98
430.22 2070.44
430.22 2022.04
424.84 1952.13
408.71 1839.20
