302.48 161.85 305.13 193.69
339.63 233.49 339.63 183.08 344.93 130.01 291.87 55.72 260.03 124.71 267.99 172.47 265.33 225.53 291.87 501.48 652.72 411.27 39.8 273.29 267.99 888.87 501.48 1135.63
318.40 145.93
318.40 167.16
318.40 177.77
315.75 183.08
323.71 191.04
323.71 199.00
329.01 204.31
329.01 209.61
318.40 214.92
307.79 214.92
297.17 214.92
289.21 212.27
286.56 204.31
286.56 196.35
289.21 191.04
291.87 185.73
291.87 180.43
294.52 172.47
291.87 167.16
291.87 161.85
289.21 156.55
289.21 148.59
291.87 145.93
