299.83 230.84 307.79 267.99 313.09 299.83 323.71 331.67
358.2 363.51 350.24 294.52 336.97 244.11 342.28 172.47 260.03 204.31 265.33 262.68 265.33 310.44 275.95 374.12 329.01 39.8 228.19 923.36 307.79 498.83 753.55 872.95
321.05 220.23
302.48 220.23
294.52 220.23
291.87 230.84
291.87 241.45
291.87 254.72
297.17 262.68
297.17 275.95
299.83 299.83
299.83 315.75
297.17 329.01
289.21 336.97
291.87 344.93
299.83 352.89
313.09 355.55
321.05 350.24
331.67 350.24
342.28 352.89
344.93 342.28
342.28 329.01
334.32 318.40
329.01 302.48
329.01 289.21
329.01 275.95
323.71 262.68
323.71 257.37
323.71 249.41
