329.01 379.43 331.67 416.57 334.32 459.03 344.93 493.52 347.59 528.01 360.85 565.16
368.81 480.25 366.16 421.88 355.55 352.89 344.93 283.91 275.95 305.13 281.25 371.47 286.56 421.88 302.48 474.95 299.83 522.71 236.15 459.03 212.27 665.99 281.25 42.45 695.17 642.11 525.36 299.83 469.64 1151.55
336.97 355.55
318.40 352.89
313.09 358.20
302.48 368.81
305.13 382.08
305.13 392.69
310.44 403.31
313.09 416.57
318.40 432.49
323.71 456.37
331.67 506.79
334.32 543.93
329.01 557.20
329.01 570.47
334.32 583.73
339.63 586.39
350.24 586.39
352.89 581.08
355.55 583.73
366.16 586.39
371.47 583.73
376.77 586.39
382.08 591.69
392.69 581.08
392.69 573.12
384.73 559.85
376.77 549.24
371.47 533.32
366.16 520.05
360.85 506.79
355.55 488.21
352.89 461.68
350.24 432.49
347.59 403.31
350.24 390.04
350.24 374.12
