151.24 448.41 169.81 474.95 193.69 501.48
244.11 482.91 201.65 443.11 169.81 395.35 95.52 453.72 116.75 490.87 148.59 525.36 185.73 570.47 55.72 360.85 291.87 533.32 252.07 631.49 352.89 241.45 599.65 528.01 466.99 1077.25
135.32 456.37
145.93 469.64
153.89 480.25
167.16 490.87
175.12 501.48
180.43 512.09
185.73 522.71
191.04 528.01
196.35 528.01
201.65 525.36
206.96 517.40
209.61 512.09
220.23 506.79
222.88 501.48
222.88 490.87
212.27 488.21
201.65 477.60
191.04 472.29
185.73 464.33
180.43 459.03
175.12 451.07
175.12 445.76
167.16 437.80
159.20 429.84
153.89 427.19
148.59 432.49
