222.88 530.67 249.41 554.55 275.95 583.73 307.79 604.96
307.79 549.24 270.64 512.09 188.39 549.24 199 589.04 244.11 618.23 334.32 644.76 273.29 652.72 222.88 453.72 350.24 281.25 50.41 360.85 169.81 888.87 798.65 915.4 681.91 76.95 466.99 1085.21 371.47 451.07
204.31 551.89
217.57 562.51
228.19 567.81
241.45 575.77
254.72 581.08
260.03 589.04
265.33 597.00
273.29 604.96
281.25 612.92
291.87 620.88
302.48 626.19
310.44 626.19
318.40 626.19
323.71 626.19
329.01 618.23
334.32 607.61
336.97 597.00
334.32 591.69
323.71 583.73
318.40 581.08
307.79 575.77
299.83 570.47
289.21 567.81
281.25 565.16
270.64 557.20
262.68 549.24
254.72 538.63
249.41 533.32
244.11 525.36
236.15 517.40
241.45 512.09
244.11 506.79
238.80 501.48
233.49 501.48
230.84 506.79
233.49 509.44
228.19 509.44
222.88 509.44
214.92 512.09
209.61 514.75
206.96 522.71
204.31 528.01
