480.25 700.48 498.83 753.55 525.36 806.61 535.97 867.64 554.55 947.24 578.43 1000.31 599.65 1069.29 618.23 1117.05 636.8 1164.81
549.24 1029.49 525.36 960.51 498.83 878.25 650.07 1071.95 607.61 981.73 567.81 870.29 557.2 788.04 504.13 612.92 294.52 528.01 435.15 963.16 512.09 1122.36 347.59 1008.27 716.4 973.77 713.75 615.57 169.81 655.37 520.05 315.75 642.11 39.8 135.32 392.69
586.39 957.85
570.47 912.75
554.55 867.64
541.28 825.19
530.67 782.73
514.75 734.97
512.09 719.05
506.79 697.83
504.13 684.56
504.13 671.29
498.83 660.68
493.52 660.68
488.21 660.68
488.21 668.64
482.91 671.29
482.91 673.95
477.60 679.25
472.29 681.91
464.33 681.91
461.68 689.87
461.68 695.17
466.99 703.13
472.29 711.09
477.60 719.05
488.21 740.28
493.52 761.51
498.83 785.39
504.13 811.92
509.44 843.76
517.40 870.29
530.67 904.79
543.93 939.28
551.89 963.16
567.81 1005.61
597.00 1101.13
623.53 1191.35
663.33 1191.35
628.84 1085.21
599.65 1002.96
