387.39 703.13 437.8 713.75 419.23 750.89 435.15 793.35 451.07 851.72 469.64 912.75 488.21 957.85 504.13 1008.27 530.67 1066.64 551.89 1117.05 573.12 1159.51
573.12 1061.33 528.01 957.85 493.52 849.07 472.29 740.28 390.04 803.96 435.15 928.67 451.07 1026.84 493.52 1146.24 482.91 1079.91 331.67 684.56 705.79 1053.37 658.03 809.27 562.51 612.92 318.4 1127.67 262.68 883.56 148.59 668.64 286.56 493.52 705.79 172.47 366.16 445.76 135.32 169.81
488.21 888.87
466.99 817.23
461.68 782.73
456.37 756.20
456.37 721.71
459.03 692.52
456.37 681.91
437.80 679.25
427.19 679.25
395.35 679.25
376.77 668.64
366.16 660.68
360.85 665.99
360.85 676.60
360.85 687.21
360.85 697.83
366.16 703.13
371.47 711.09
376.77 721.71
403.31 774.77
421.88 819.88
440.45 872.95
461.68 933.97
480.25 989.69
506.79 1061.33
538.63 1138.28
557.20 1186.04
618.23 1191.35
599.65 1148.89
578.43 1111.75
559.85 1069.29
530.67 1016.23
514.75 973.77
496.17 918.05
