501.48 440.45 496.17 480.25 485.56 517.4 477.6 559.85
509.44 581.08 525.36 525.36 541.28 456.37 488.21 368.81 642.11 196.35 668.64 878.25 206.96 854.37 347.59 262.68 278.6 496.17
506.79 419.23
488.21 429.84
482.91 437.80
482.91 448.41
480.25 459.03
480.25 464.33
480.25 472.29
482.91 480.25
480.25 490.87
477.60 501.48
474.95 514.75
472.29 528.01
466.99 538.63
456.37 551.89
451.07 559.85
451.07 570.47
451.07 575.77
461.68 581.08
477.60 586.39
488.21 581.08
493.52 573.12
498.83 562.51
498.83 554.55
496.17 541.28
498.83 525.36
504.13 512.09
506.79 498.83
509.44 488.21
514.75 474.95
514.75 464.33
517.40 451.07
517.40 443.11
