466.99 273.29 461.68 321.05 451.07 363.51
493.52 384.73 501.48 318.4 514.75 257.37 435.15 214.92 429.84 273.29 427.19 331.67 512.09 50.41 297.17 504.13 612.92 472.29 222.88 321.05
456.37 249.41
445.76 267.99
451.07 278.60
451.07 289.21
451.07 305.13
445.76 326.36
445.76 339.63
440.45 352.89
435.15 360.85
429.84 374.12
427.19 382.08
432.49 384.73
440.45 384.73
451.07 384.73
456.37 390.04
461.68 390.04
472.29 387.39
472.29 382.08
472.29 366.16
472.29 352.89
472.29 339.63
472.29 331.67
474.95 321.05
477.60 313.09
477.60 302.48
477.60 289.21
477.60 278.60
480.25 270.64
480.25 262.68
477.60 254.72
