448.41 405.96 448.41 429.84 448.41 464.33 440.45 543.93 443.11 504.13
472.29 488.21 424.53 469.64 477.6 405.96 421.88 400.65 360.85 432.49 294.52 490.87 541.28 512.09 506.79 321.05 427.19 283.91 679.25 665.99
464.33 395.35
445.76 387.39
432.49 395.35
432.49 408.61
432.49 421.88
435.15 435.15
437.80 459.03
435.15 493.52
429.84 514.75
424.53 541.28
421.88 559.85
424.53 573.12
429.84 575.77
440.45 575.77
451.07 573.12
456.37 565.16
461.68 554.55
459.03 543.93
456.37 535.97
453.72 522.71
453.72 506.79
456.37 490.87
456.37 474.95
459.03 459.03
461.68 445.76
464.33 427.19
