392.69 127.36 392.69 156.55 390.04 183.08
429.84 209.61 339.63 204.31 424.53 148.59 424.53 103.48 355.55 151.24 366.16 98.17 443.11 39.8 591.69 127.36 297.17 493.52 111.44 212.27 724.36 655.37 188.39 883.56
408.61 108.79
382.08 108.79
379.43 124.71
382.08 135.32
382.08 140.63
376.77 151.24
374.12 161.85
368.81 177.77
366.16 185.73
366.16 193.69
374.12 199.00
379.43 199.00
390.04 199.00
398.00 201.65
403.31 201.65
408.61 201.65
408.61 193.69
408.61 183.08
408.61 177.77
408.61 167.16
405.96 153.89
405.96 145.93
405.96 140.63
408.61 130.01
