390.04 376.77 398 413.92 398 451.07 403.31 490.87 398 530.67
427.19 482.91 421.88 358.2 371.47 490.87 360.85 429.84 358.2 366.16 429.84 302.48 355.55 291.87 302.48 506.79 679.25 512.09 663.33 108.79 164.51 127.36 228.19 872.95
419.23 384.73
408.61 366.16
405.96 358.20
398.00 358.20
390.04 355.55
382.08 355.55
376.77 360.85
374.12 368.81
371.47 379.43
374.12 390.04
379.43 403.31
382.08 416.57
382.08 440.45
384.73 451.07
384.73 472.29
387.39 496.17
384.73 517.40
379.43 533.32
379.43 541.28
382.08 551.89
382.08 559.85
387.39 567.81
395.35 570.47
403.31 570.47
413.92 565.16
419.23 559.85
419.23 546.59
419.23 530.67
419.23 514.75
413.92 485.56
416.57 464.33
416.57 451.07
419.23 437.80
419.23 421.88
416.57 411.27
