556.59 2262.86 684.33 2363.23 565.72 2691.71 556.59 2472.72 510.97 2883.32 428.85 3056.69 392.35 3239.18 337.6 3494.66 282.86 3658.9
757.33 3184.43 346.73 2646.09 145.99 2281.11 830.32 1177.05 857.7 2162.49 1405.16 2746.46 218.99 1177.05 392.35 3832.27 1414.29 1177.05
666.08 2573.09
711.71 2408.85
739.08 2308.48
775.58 2235.49
775.58 2189.87
720.83 2162.49
684.33 2171.62
638.71 2162.49
593.09 2162.49
556.59 2180.74
510.97 2162.49
474.47 2126.00
447.10 2107.75
437.97 2153.37
437.97 2235.49
474.47 2290.24
510.97 2436.23
510.97 2618.72
501.84 2782.96
456.22 2947.20
374.10 3093.19
319.36 3303.05
282.86 3421.67
246.36 3549.41
200.74 3640.65
173.36 3668.03
164.24 3695.40
191.61 3704.52
237.24 3713.65
282.86 3713.65
310.23 3713.65
328.48 3750.15
337.60 3759.27
346.73 3768.40
374.10 3768.40
383.23 3722.77
383.23 3640.65
392.35 3585.91
401.48 3494.66
401.48 3385.17
447.10 3239.18
510.97 3038.44
583.96 2828.58
